90.6579829942561,-461.561268333179,-177.713486337834,-59.7696785392993,55.7317921713219,53.171840885052,-15,-15,-15
-11.2522933266668,-153.467282871635,-65.6651384885511,-88.0589468493854,-35.9539607794863,29.1855196863387,-5,-15,-15
29.5502162930425,-28.4482548402466,-78.5456693390128,5.91073200491347,16.3701820817482,50.2677281021752,0,-15,-15
28.2653886798648,174.100335194102,-120.017796478441,-24.1870860124031,-4.91504287976617,-0.89592341120457,5,-15,-15
-112.106045498722,327.822665276773,-195.740084236835,-13.3268349683946,9.04993021230806,-5.60673297753844,15,-15,-15
23.9682122038603,-372.637639321654,-162.775596138569,6.70230643245909,31.9665774692052,5.56928589091822,-15,-15,0
43.0710133778697,-85.3850654209201,-94.3975324286143,68.4098915415974,18.8399995409553,-9.80971772804169,-5,-15,0
69.3909067559888,-222.344714199034,-84.0397247554383,-105.8856413224,2.68004690321492,68.3105322966813,0,-15,0
31.7873941147334,-13.636948094376,-79.681154760011,-32.0922781639912,0.042668968586685,1.29537940231964,5,-15,0
-46.9250343977358,167.644837395605,-120.612350868386,-217.042431677762,-19.0725266778776,-21.0082350691166,15,-15,0
-86.3991047200119,-478.799328344838,-196.335685321664,26.6753603699113,3.43163678794019,-4.63590321153559,-15,-15,15
-20.5208727514334,-173.888611992471,-66.7444209998601,-68.1015636827348,36.6839790222361,-19.81880829021,-5,-15,15
64.3483115474093,-137.234872256158,-96.9244609430249,-144.838304875548,22.4471681163435,12.4128190724133,0,-15,15
96.8452145091048,117.766572175315,-112.786849542877,-22.7517043750706,30.6936160255121,12.2265078132146,5,-15,15
9.12236162296253,231.65387236726,-153.141555881986,-60.0083242126087,-23.7452552315963,2.5539971770248,15,-15,15
173.385892580281,-530.927685238269,-199.792434576068,-166.771786168533,-42.8055124960139,-35.2971592239815,-15,0,-15
102.265836870407,-253.200106894067,-85.178292249027,-67.1426861225255,-43.9736376739323,-57.0586113632008,-5,0,-15
-31.1773240680441,-109.786481310257,-73.1537127346085,-107.522788854834,-30.673167613666,21.1308352183413,0,0,-15
-31.7225492136688,12.3534652794842,-72.6752418714344,-39.1315164920691,-14.1788461455846,-32.2731657212062,5,0,-15
-88.9328146605852,340.818525236878,-193.072236818065,-28.4410589869825,-56.272527108169,-15.9384928606103,15,0,-15
-5.4691714415049,-377.61947520116,-154.390914795198,-55.9084095866637,-42.5212077612671,-65.2216754864148,-15,0,0
56.5008691395693,-324.751507327765,-85.2683361556011,-72.1925903012725,-41.1359253160931,12.296532191488,-5,0,0
5.95220712545043,-44.5457453858146,-72.894457703301,-41.3158601368997,-28.4829262661386,-27.8099294298305,0,0,0
-48.6432550249468,-28.6998432844943,-84.9202084747012,-76.2623639279617,17.6571936874746,-42.5265379416279,5,0,0
24.3374529149969,263.782452133083,-173.172148110161,-23.9252582828245,-1.10252653337455,25.8831193846113,15,0,0
-121.78192276094,-526.125179532334,-168.232231628112,-62.1017120899919,29.2613354545595,1.03174876101503,-15,0,15
-33.0273235561637,-283.401540155349,-77.709784900754,-65.9892406322492,17.6256640939485,31.1001063458453,-5,0,15
-40.1093942733563,-72.2854119508174,-60.3094344144548,-68.7674197627696,35.4993922216971,-26.1517315369202,0,0,15
-18.8921245035425,-15.2847382547555,-54.1532908885722,-112.124364453322,35.4201030897127,35.5289589804502,5,0,15
65.4593088449397,343.902137932297,-209.056395931717,-42.8788560186082,-24.1312299963857,-12.3393782553454,15,0,15
108.450008351093,-498.78626937776,-174.796827581645,-90.6081439637013,-55.0431684533305,-76.5160153664708,-15,15,-15
-63.9753389751505,-214.326258603353,-101.261865771824,-54.2261185193929,-68.8352149438423,-64.2668130924072,-5,15,-15
6.05344879297967,-104.202447951187,-90.8966703547306,-109.547471558781,13.6615221739274,8.55075722087841,0,15,-15
-66.1778154329752,78.3118524162948,-102.436008199924,-63.9805918549746,-84.5298472093218,-40.4764909259805,5,15,-15
-83.9402739923274,263.980001925068,-192.273396078961,-82.4972785741989,-41.2099257462238,10.8616266286105,15,15,-15
13.7649367417178,-460.349370486642,-167.694071009164,-84.9987414698357,-23.4824128876294,12.5372203266753,-15,15,0
-48.1396973249798,-186.729002078564,-96.878807521685,26.6573283446106,-7.0048050785037,-70.8454067417761,-5,15,0
-53.464257726351,-23.0242621936145,-93.373386066093,-10.939875997028,-21.5999909754775,-43.2373287194278,0,15,0
-83.0923974189519,69.5266429309933,-105.816002329788,-19.5122090570062,-1.72327398167507,-6.32473528303201,5,15,0
-40.0284042984058,397.283992773852,-255.333042181508,-22.0579950803477,2.8016430873324,34.3061012927998,15,15,0
-114.879834381706,-486.585273020976,-178.676904101572,18.4852193446661,-6.45015245035924,-21.3418768841947,-15,15,15
-123.708823553143,-236.551074603066,-94.18622923812,-157.788924731198,50.8866825935887,-49.7392680490525,-5,15,15
-118.225261353363,-54.6657805584907,-89.1795287342945,-33.9256464249143,18.6068328041514,-4.1677254016926,0,15,15
-35.2392549562239,-32.3386814616368,-81.5524917897127,-140.498209481889,14.0341686391053,-27.9320808779094,5,15,15
-17.4573970176796,290.009785094531,-200.115977074272,20.1124071150052,-81.2346002709499,-60.7741015930814,15,15,15
100.200005100499,-521.76889557207,-153.582214966061,-46.7197348474296,29.3150604335917,37.1975055983263,-13,-15,-15
105.678484933626,-258.120689162707,-123.574685418775,-94.1496685451455,-62.2561108598953,33.7476617364388,-10,-15,-15
83.3371901164048,-305.368129535324,-89.4850519923511,-101.684498201106,46.590972225995,71.0418824192782,-7,-15,-15
107.518703519628,-56.5368721307122,-98.3709044474021,-67.9991085030134,-33.313656681526,33.8434768840422,-3,-15,-15
29.5502162930425,-28.4482548402466,-78.5456693390128,5.91073200491347,16.3701820817482,50.2677281021752,0,-15,-15
165.242639310426,-15.025607921029,-96.6091597535006,-25.716757858545,-15.5604070210148,6.28208029385112,3,-15,-15
6.26396765801122,191.624921390273,-131.979260335534,-66.6540513715318,-19.5778037890245,-31.7786080415482,7,-15,-15
-77.5211699260417,154.978370092455,-115.236382081185,24.4728974293084,-37.6842658189749,-64.9805783175504,10,-15,-15
-23.673016563828,210.867716254236,-167.15743291018,-111.04348911183,-44.2703618960652,-5.66445311474673,13,-15,-15
32.5675188430456,-437.334944851574,-148.776871402077,-103.146647485788,46.0308945809977,31.6275703206974,-13,-15,0
38.5429988855369,-433.197546430649,-123.862400138148,-43.4651662762309,-18.7471244142146,-5.79596563075049,-10,-15,0
-34.6111132624245,-350.606724129356,-75.1475300973466,-74.6276857188564,-5.1859867414132,17.680057976385,-7,-15,0
51.5245744063028,-155.510325852154,-95.3326048182428,-65.7122938549897,56.1971648373613,58.142885961811,-3,-15,0
69.3909067559888,-222.344714199034,-84.0397247554383,-105.8856413224,2.68004690321492,68.3105322966813,0,-15,0
103.174894874051,-64.8893362671715,-96.6187874829989,-114.905302683988,7.94841272019777,59.3584923494078,3,-15,0
19.7929335895669,52.4207613641892,-81.6324313766468,-36.9790200281507,-23.5465924837742,-0.78768883862996,7,-15,0
14.4386125598128,99.1577774642683,-101.199179567948,-21.5250029431539,-8.65814327502244,-45.1002790021087,10,-15,0
-4.54328050893416,221.689448840564,-164.816071140439,-80.4141334705354,4.56214550129723,0.477514817226349,13,-15,0
-83.0927080708237,-387.23948268005,-151.017390969949,-106.457455631413,55.2620767834797,67.1527563557773,-13,-15,15
44.7849905355889,-389.47058991007,-164.111091942596,-81.2561329731845,73.8711253169405,79.2943888479621,-10,-15,15
4.88554309881635,-163.794529115154,-82.8496570558332,-64.7829744607137,42.5270827653054,1.92744467105502,-7,-15,15
11.6352311659195,-264.667797503163,-84.8468988946147,-82.7164468377668,66.2669132805853,29.5146143799052,-3,-15,15
64.3483115474093,-137.234872256158,-96.9244609430249,-144.838304875548,22.4471681163435,12.4128190724133,0,-15,15
33.0262684361448,-98.7967640363616,-82.0747466007506,-20.7456371323853,41.8525009383344,37.7838248079904,3,-15,15
72.8515314403833,94.4342075414424,-98.6988173000543,-38.8575321023555,-1.89410091528467,-64.7642515668686,7,-15,15
30.0937276270808,292.032996028561,-137.393126736542,-33.8510871636516,85.6249959499736,18.0526337341265,10,-15,15
60.4940036702739,261.748870668543,-140.530673885274,-74.630945402353,11.7463541474807,17.9395750916959,13,-15,15
93.2257124216796,-447.148795179832,-146.446386352927,-103.076268688038,-8.15391538756323,59.6323564074527,-13,0,-15
64.1922741509369,-316.45225487036,-108.56018608502,-90.7354742513961,2.38862499638609,-25.1114389206479,-10,0,-15
45.9890017763794,-281.831397314315,-75.0250894334832,16.0298211495716,5.82487915546547,-20.9083002068907,-7,0,-15
30.9578366844139,-99.1857844915291,-68.7019416844319,-42.5398626436923,-53.3884915312432,15.4531766685334,-3,0,-15
-31.1773240680441,-109.786481310257,-73.1537127346085,-107.522788854834,-30.673167613666,21.1308352183413,0,0,-15
30.9074168741504,-133.176349106847,-40.7353661765755,-23.0557102398765,-7.85226254824587,-55.5722013238035,3,0,-15
-44.2358335579355,16.5338427155972,-89.0946626282942,-53.0995327118394,-19.5755222672629,-2.11483383304591,7,0,-15
-64.7586523806917,210.27711437294,-133.238612038874,-27.9648914057836,-1.29503611583136,7.1086015334915,10,0,-15
-37.508090606811,111.477828347426,-113.574329796492,-97.4272465224406,-83.6998328924962,-23.8457980775765,13,0,-15
22.8507802200464,-342.614318721362,-117.009601576915,-96.7208968219691,19.6622639980638,-39.6756274090605,-13,0,0
18.9270685249228,-262.682878136348,-89.2457910426728,67.5120463985152,-26.6532294366633,-46.6138131408154,-10,0,0
-8.28245363469814,-290.918162340386,-87.8804797045228,-201.658988211966,-44.8473080409116,-18.8951535520689,-7,0,0
21.4970531843306,-190.999004214572,-65.350305523855,0.434409762772159,-53.0417196969498,-3.24214084871952,-3,0,0
5.95220712545043,-44.5457453858146,-72.894457703301,-41.3158601368997,-28.4829262661386,-27.8099294298305,0,0,0
3.4138428878527,-54.1266558597286,-63.1317447199557,-59.6684843904141,-24.385358008541,-36.5681446447939,3,0,0
5.94850400105805,81.9527396191059,-98.4470331031065,-18.867236753473,-7.77127545420408,-3.01741417939064,7,0,0
24.5137543596099,206.856919391981,-129.42411079748,-10.4620253235127,-54.6697096116211,-15.1776186699573,10,0,0
34.0574322096296,219.974746819185,-147.32880394655,-66.6008047730019,3.11984203415155,-11.9110734033955,13,0,0
-113.012753487681,-298.698214768793,-133.069217142293,88.915863600436,-32.945377886373,23.6478829877582,-13,0,15
-57.5706797655062,-269.179557856317,-109.412975511023,-113.511629191995,27.3220397742899,-22.3871656473715,-10,0,15
-88.2646379131562,-119.223363371257,-73.9489883153317,-42.0871286086039,43.246033604928,-0.924478021899968,-7,0,15
-14.9614710954719,-205.784203879363,-64.1127816469528,-48.4813626777978,3.46330253586714,-1.9486525375929,-3,0,15
-40.1093942733563,-72.2854119508174,-60.3094344144548,-68.7674197627696,35.4993922216971,-26.1517315369202,0,0,15
-28.409624691528,-139.423892568643,-54.1704338336569,-69.8963961180857,2.73648435966317,-31.5532130929321,3,0,15
-4.84687860500407,126.198990893048,-95.5529793936073,-31.2859747577948,1.1298361698198,-28.3278009368822,7,0,15
40.8375865229284,83.7391485411099,-90.0627134526644,-78.1717975229125,-37.1799894985886,-45.8617684310075,10,0,15
39.2313145183481,215.686398302636,-128.489514590988,-42.8553681958221,0.583089588471799,-40.0569100463408,13,0,15
45.6140618296335,-403.292390506428,-158.78602630788,7.30007426278107,-23.5296002354648,23.7215258893006,-13,15,-15
81.1734178869591,-382.290278894144,-124.875835328649,-100.298451781055,15.9943225310908,-98.5696883454169,-10,15,-15
10.2549768639293,-288.746738478146,-106.591384059752,-135.572200124756,-76.6757879499536,-34.4370976088803,-7,15,-15
-48.7059941315874,-228.021008054762,-97.7748959263354,-144.087196034542,-12.3111039875516,-92.6904941869722,-3,15,-15
6.05344879297967,-104.202447951187,-90.8966703547306,-109.547471558781,13.6615221739274,8.55075722087841,0,15,-15
-51.9700227293206,-151.060583635564,-92.796336252856,-73.4236286022507,-84.9081164242557,-87.1737889163674,3,15,-15
-97.8621180260726,62.2395505984751,-108.930092372938,-78.6387797273598,-70.8661198708109,-70.5885913107977,7,15,-15
-98.4019138595233,129.313585822301,-122.446845059763,-30.248515980658,-64.9767415018765,-54.3435098678898,10,15,-15
-92.4511246873088,131.385990344411,-140.081637478405,-41.6430780276866,-23.9823664860753,-35.8696558247243,13,15,-15
-83.9994634528801,-320.775415884146,-160.994778793967,-4.96426258227145,0.434148135530986,-37.9572248689778,-13,15,0
-71.7476435183883,-260.034414974667,-127.82522392664,-24.8909095746242,16.7289714700618,-52.4192327761319,-10,15,0
-33.32323277712,-261.415000451668,-97.3758209354872,-56.1374978230156,-91.8654160774769,-67.0502570377751,-7,15,0
-46.6987549338062,-48.2778678711439,-81.8400872402992,31.6204695702525,-24.8483518511986,-45.6349151622623,-3,15,0
-53.464257726351,-23.0242621936145,-93.373386066093,-10.939875997028,-21.5999909754775,-43.2373287194278,0,15,0
-67.990661482314,-113.396381427478,-70.928875160998,-85.3539844592245,3.34696929224269,-13.0782238085476,3,15,0
-35.0334921298331,28.9435651733456,-88.322367223632,-37.9914155791739,-19.8415623890676,-14.8531298350915,7,15,0
-18.4977478090678,160.767391860204,-120.347743661402,-41.882206561849,-57.3195358961738,-14.2354580822326,10,15,0
-1.06693271424402,265.771998701497,-159.386370557417,22.2033431569375,-19.2359905508577,13.2223789833563,13,15,0
-81.9134218907979,-304.06954380656,-147.716253825856,19.7759936484472,-6.76816780095902,21.1602283414509,-13,15,15
-168.675324253152,-231.655875862475,-118.230020633744,-172.465868565486,6.0377280815256,-68.1719759469707,-10,15,15
-49.7966481785059,-240.76143703245,-84.5806921486699,-91.7594553512524,32.7348934417735,-10.0100319336864,-7,15,15
-74.2563201933257,-184.11633631588,-75.4920510700856,-116.964193195382,10.4527929232054,-39.7276702963253,-3,15,15
-118.225261353363,-54.6657805584907,-89.1795287342945,-33.9256464249143,18.6068328041514,-4.1677254016926,0,15,15
-77.5557491114938,-123.155067492182,-75.1939544460352,-25.3887567835759,-72.7583473045633,17.5547478539592,3,15,15
-75.6135519049126,-17.868653238419,-65.8144000441241,-69.352648008233,23.3654802566377,-15.2354941109272,7,15,15
-14.6511448667987,133.270382326061,-133.273236809052,-42.8314624487257,-35.4177326792243,-61.2783860375821,10,15,15
9.2857413825029,156.951650523217,-137.229122877846,-1.20523595688843,-26.5450857365081,-12.2443067253082,13,15,15
280.467434107349,-279.047963004424,-194.101330077914,18.1026518916353,-6.24894265457981,49.3128188430397,-13,-35,-35
190.2676102944,-197.03390950664,-134.855146101766,-64.7612476404838,51.9186480512652,51.2300630849366,-10,-35,-35
174.782625906684,-53.1527818486763,-158.454756656193,-42.0614030174459,-1.53066944220023,-5.77548246716966,-7,-35,-35
157.257482604164,-70.8049003486561,-113.94220402237,-94.2323167312642,-9.5810737157675,71.8759507038948,-3,-35,-35
122.707894580709,-11.2519167775195,-123.739721898299,-79.5291633367215,-1.64858724371746,47.5006430396501,0,-35,-35
64.564863016296,-13.0952520769205,-100.639103793162,-51.0250426645407,-20.9598215867392,36.9647474787646,3,-35,-35
3.97002201290234,102.539126827144,-142.38354158133,-67.0546059601257,-30.0912862439148,14.408175968706,7,-35,-35
0.013252951812771,138.318168419966,-154.499714806805,-40.8546124745661,-32.8820422122395,38.4941915007508,10,-35,-35
-50.5676403375361,130.839852416996,-143.593656604117,-30.1654601259314,-24.2285205521564,-43.485460608577,13,-35,-35
162.979493180293,-239.6188975502,-150.923541377577,-101.831944833822,-3.39595283483396,37.0227024651524,-13,-35,-25
194.173533625607,-216.504460137829,-173.147595164378,-39.461916046617,-14.6406195879891,91.7412625836237,-10,-35,-25
118.898266384316,-123.26492475965,-135.195933698212,-40.7837910697907,-21.1987773411172,50.2566893566717,-7,-35,-25
102.607472889171,-87.783908966271,-112.123904032748,-64.7571228463589,-1.83924058149351,11.3424924549076,-3,-35,-25
94.8648455452312,-51.8534271186758,-110.506833864125,-26.7907704042915,1.74954158852841,-3.32476678236183,0,-35,-25
114.382739541083,-19.0403644066717,-135.016088182908,-120.542677831769,7.64279022980986,90.1553885557438,3,-35,-25
-20.8783241901538,190.281943919143,-157.282400384661,-30.0606220877925,-25.083669869358,-55.6116913750319,7,-35,-25
-8.78411714124278,173.150473377506,-190.168688790722,-56.3942557059021,-24.8505179308497,15.1034613571438,10,-35,-25
-1.99751359391314,247.884237848573,-221.28597975606,-12.3370078289095,31.9342239322853,-14.5527570133423,13,-35,-25
-187.309083483016,-360.856626261117,-138.130763930381,-105.111033896868,83.6794301621987,68.952501456954,-13,-35,25
-75.4073027621459,-273.724842088916,-135.272679600666,-31.13430444568,47.6187396773279,74.7021529356688,-10,-35,25
-31.7117461873044,-244.523843234355,-148.751736779388,-28.1624649173712,45.5026548389716,43.0579601226082,-7,-35,25
73.2267763522792,-73.0782765947806,-140.029225242293,12.5555937273418,30.882188069053,69.4740433845195,-3,-35,25
51.3715833389127,-82.9323671951138,-106.04877700305,-44.3843811037795,1.89724512894115,-19.2663230313594,0,-35,25
64.4075796579558,-67.6094593606927,-129.096955351896,-83.1423618029591,3.97755265888124,69.4871608647467,3,-35,25
37.0705005292272,-48.6549151674087,-102.958573889445,-41.721260396036,61.4317685496655,27.1704532554789,7,-35,25
101.73300017606,-53.7383089813818,-153.512527987289,-25.5090146192042,12.1513662388405,-22.8851866763782,10,-35,25
26.5063986170635,56.430608318868,-103.996868039665,-112.225828370669,43.8793017279136,34.7331085967126,13,-35,25
