74.780043885387,27.8175106272695,19.0374760324295,0.1
91.5474141841648,141.659213268647,26.3538059695042,0.2
145.64982190307,79.1628060292074,13.4463378347841,0.3
56.5437758791181,-125.56270696767,44.5142999891662,0.4
150.03662715967,131.036434999885,-12.4906549786819,0.5
101.855691734127,186.361739877847,-18.7812081072182,0.6
23.6178389871794,182.869375009321,-21.0107192533896,0.7
41.9886573140499,275.922971091389,-9.91377702597221,0.8
49.3769477405507,223.895581387563,19.1887907877291,0.9
87.3210599513667,-5.93386749625173,21.4271893046549,1
-5.43127466810095,-28.7485590495314,10.5979263254638,1.1
80.6453842939772,-172.138550853454,32.1276660480961,1.2
66.7870590005232,102.027726262776,25.0657403252775,1.3
76.7843756206826,98.5727474180835,4.1493104606114,1.4
78.5773845818933,223.58704612248,17.0912233315807,1.5
66.3004870989499,66.775197722341,5.69702221954473,1.6
86.9760528378989,42.8388857348273,41.6418341954193,1.7
93.8515550919921,-37.7407149099717,27.6410164491926,1.8
69.2540657537134,217.414989754712,14.9742002143235,1.9
65.3392319172433,208.682577836605,-16.7720302128309,2
85.0526992227347,15.4696466063595,-8.54065711442196,2.1
82.3268969150067,202.50308292809,-19.0703190239313,2.2
75.8742558127648,26.8947550598308,22.4935398541371,2.3
43.7808496130382,297.833721497316,-34.8568411995997,2.4
65.3363649964455,103.013674021062,-25.4219921441944,2.5
69.3810788413558,205.43702198196,-30.1494907503958,2.6
34.5361345849282,404.962834854412,-36.0102807252227,2.7
28.4730755534326,219.96322410787,-19.5941698317167,2.8
47.2535456121362,79.6456963997111,-3.21756551640882,2.9
103.550892366279,168.474801040267,-9.73409959646885,3
104.24857389908,102.840694460392,4.67965898616131,3.1
111.32314505,131.658962306359,-3.9413748988686,3.2
74.4778782305656,198.660658275863,10.2559320888848,3.3
73.3574805687143,-46.5317236831436,19.0534379580528,3.4
49.6089472021607,155.556216352227,-29.0930892601254,3.5
51.1397390687144,30.8244085875855,9.61867064711089,3.6
53.4604397033071,95.9960358348244,-0.0396575903564152,3.7
77.3785831946905,330.305792230249,-0.27911254270017,3.8
80.0618022833604,200.53658734422,-20.6707007474156,3.9
45.1464659209959,234.673517940959,1.06567346332033,4
-4.74711374737303,179.508350935195,-9.2174626765434,4.1
103.844730058601,441.618501631002,-73.192408217394,4.2
7.89271568734185,262.358310910185,-31.8127404482125,4.3
35.8690657902086,16.1497042618933,0.510867729829076,4.4
-38.568111231169,48.8688305066791,11.663354251658,4.5
-52.4663922917231,30.0167459093612,47.3232489469964,4.6
8.47780475348303,198.840894957464,-2.74321779660988,4.7
81.8784898091425,372.207191244529,-38.6646525845055,4.8
11.894387689512,155.760999031236,10.1682174858682,4.9
18.2990623031095,309.426395202891,-26.6515336262531,5
136.296559714977,366.31793073109,-31.3295746372971,5.1
44.2613959495101,-8.67518370188766,25.9927682295696,5.2
61.0364381746471,227.368132900812,-14.9350511712692,5.3
32.2764838599528,16.549541441893,43.4366284707757,5.4
72.5570592196583,4.28693900243658,33.0098405373916,5.5
42.0247711016001,360.847167587342,-27.4054523759948,5.6
33.0596472444901,251.799875510911,-27.5405332711244,5.7
89.8064386042239,275.54660917349,-38.656687379517,5.8
38.3171418667903,244.055652198135,-34.1165529343429,5.9
29.6330859324058,243.74602636614,-31.6664881162385,6
62.6790760259198,271.61936450222,-35.2977545317935,6.1
31.9200494599233,177.680893893309,-40.2442592980762,6.2
51.545366326123,37.0623583709453,2.26557926607723,6.3
53.3271093776873,285.354338540083,-28.2886666344588,6.4
-2.53676378613143,222.938816111903,-36.6014652664421,6.5
-73.6672915264387,306.202812186401,-29.0162113970551,6.6
21.1751163202593,41.5300972301931,18.0956154626238,6.7
16.383797202088,131.027638130871,-21.421774287138,6.8
-6.53581570039134,267.764311965219,-42.6466976825003,6.9
48.7332747807762,165.439468363279,-34.7999520625606,7
-4.0769695279003,34.2088387918745,1.27316857167167,7.1
14.6972379569132,190.302384996344,-25.6574848437131,7.2
51.1309904696736,47.3822900751239,8.8232633181565,7.3
24.2732079154232,36.7575583930591,14.7576049765968,7.4
24.6239677555769,74.799712295456,-1.0806566329675,7.5
-2.55315063016515,167.177559321787,-17.2010261178116,7.6
-9.50186782079586,61.2080662202928,3.15082267473782,7.7
7.75331230606799,202.364636891456,-42.2795000642103,7.8
70.3654206229374,419.222083072651,-70.3600524649734,7.9
27.0028638393199,269.928504514516,-27.7325051978,8
56.0109803594701,-33.1893885722931,25.3444083007651,8.1
94.6651799585716,-7.08363563665285,36.3375551145462,8.2
-23.5585653637397,-38.3060402202243,46.5994637016131,8.3
-53.1088007678153,160.842436314647,-26.1946354685057,8.4
42.5064330758019,308.889025820637,-18.6752964851856,8.5
133.440281418988,212.448551265479,1.1990471375128,8.6
-28.4752960805952,98.5421282220575,-12.0879460482123,8.7
7.96564530519686,206.733257626323,-11.8778459889646,8.8
118.123909969293,376.030207125756,-59.4744141755944,8.9
74.9787765649864,446.623014689093,-96.2715127172871,9
32.0797593311652,247.778189372953,-55.0345795776667,9.1
77.1577541797963,121.517737061733,4.58117508373549,9.2
73.4757629974031,268.107526350921,-50.851401216629,9.3
41.8463044278082,63.8705817407577,0.624383757232496,9.4
53.2305883540868,114.778459489875,-7.77948550140089,9.5
44.6626849711364,245.426842955515,-53.9062252070845,9.6
-0.123473011788876,83.6759275086808,18.5818647535127,9.7
146.545415908472,152.136954701417,-26.8168342328035,9.8
85.7780649732989,223.170474578781,-33.0188723297946,9.9
55.2060425607313,201.061108666387,-36.1412562461244,10
46.629032510914,227.846313634479,-60.9211730366488,11
-46.0567470411666,336.5478795153,-86.1866290956175,12
50.8905833551448,9.19567726761101,29.1975630103948,13
-71.3801986255522,71.6713548509712,-21.6332758614178,14
4.76129213018674,175.565832581882,-49.8615918320763,15
-7.41904365168796,478.497467694522,-201.566089049351,16
6.36696209919842,359.382679648628,-147.072749319298,17
10.5493631732933,92.4653327547639,-37.147412029931,18
6.9066581396108,108.520116688221,-24.1887491272834,19
-44.1786621673856,60.8284866680703,-9.52574268197351,20
35.5609792410936,84.8855119182877,-37.7378726205654,21
74.6679297237307,-59.1596122566304,37.8023856092182,22
62.9357673710026,317.629753772066,-167.030438761172,23
69.7413124954322,229.438324741147,-149.986703971433,24
14.8186273375505,217.851081512091,-85.6778404745274,25
